13355
37156
46264
30510
6527
14293
4411
54334
9795
38766
44287
29832
52774
11814
20325
52975
33224
18263
48478
55343
41518
59345
47631
28279
45773
54702
64847
32005
23798
17864
45107
34786
63794
34274
33253
38744
38722
16912
43882
10793
28886
27151
44719
52135
30459
59516
26519
43314
13291
15966
15444
28723
37889
6501
10169
25668
44409
22298
48258
60195
16792
54000
36362
21441
14163
21822
2544
54591
37197
64956
22726
17489
35802
22882
25219
51083
25977
49658
22623
34788
26987
47414
57564
32815
53934
14927
7916
53026
599
53263
43485
22923
57516
61966
15378
53297
31146
24352
27115
58460
29885
64662
21443
23030
47685
5736
44280
54344
53387
39921
392
29996
27366
19312
13219
21584
39378
23804
17719
16119
40774
38756
42741
18142
53374
18352
10563
15066
11090
4640
62332
60288
29205
16989
28182
62496
11055
9274
9191
57994
51854
3809
18701
59704
26513
30248
51787
36128
39899
22849
45337
58757
48006
22270
59066
22130
22228
10013
17942
8346
34266
4472
49381
35104
39254
38883
39768
46080
32143
2616
22992
61972
1709
19915
37124
15074
63027
11893
61942
47179
22690
2035
29490
47428
48626
11909
40782
32598
14546
60964
51446
15019
17599
15354
5644
8334
2842
53025
6324
62033
43249
34620
38435
1344
21306
6785
27266
2381
39713
34013
26322
29276
51466
44913
64613
45388
51255
5906
26818
58451
32722
45549
28578
33989
40428
5117
3720
61504
48815
30790
45458
47037
52018
17866
31371
64904
18698
19193
1424
7818
54070
60871
39075
37253
57234
8510
57606
39472
26381
2018
51436
54512
45881
48337
48545
3132
65325
2129
6315
28946
23854
34762
41276
36411
23351
37190
5431
57598
45005
24478
56843
19259
9167
43754
64585
55643
24053
2191
30978
998
59256
23562
27689
30576
1879
23844
47011
63526
4268
7732
48522
32389
45466
28035
37262
43894
16555
35875
57381
2265
5992
43686
9617
47924
44995
54723
59985
47006
32706
59868
56589
51363
53498
63784
35624
39895
318
34063
39920
19067
31852
31806
13831
51205
11766
7346
13981
62505
20665
26390
11626
47339
9807
34910
27246
17177
53597
35589
35447
35316
63990
21365
49350
44226
1233
46868
64952
14318
3996
47962
6098
55865
64192
22105
19678
2856
1373
34073
1887
22661
44994
6470
32896
41008
7394
10369
64387
9992
14682
46860
19510
60594
53142
48913
43495
38821
561
34964
31375
3134
39062
56644
31226
1668
9161
47791
3500
38639
23333
64778
37721
2453
38937
6530
21642
49732
3522
26758
35119
55861
4827
845
27728
37531
31561
42084
1131
58772
53117
58634
33811
61978
64675
12629
25074
41671
34285
49053
49400
38926
1773
7292
62791
1945
1471
39025
53157
18927
19247
16118
33599
14220
44136
25801
1879
9631
60914
15533
37816
21155
2176
62252
33319
21148
3681
19242
27776
39898
33104
37542
46403
44582
28098
35100
58054
35183
50971
48065
58157
50333
35168
14267
46030
45911
9700
52096
14649
45219
57930
30536
49356
65168
37291
62641
35058
18088
32630
16461
23828
54817
26707
59491
21771
18956
61489
13148
55550
48368
29363
23135
22791
18155
13791
33139
38713
1501
41865
29412
51657
4669
1402
40773
17765
2474
28746
29445
19628
57328
49766
44550
17455
50349
25865
19831
2521
21771
28006
33931
58957
24663
49641
47524
19950
64032
33759
3011
61699
52996
34274
21317
58951
63613
29879
12787
46122
19118
18370
44283
49766
6898
57708
4139
8914
14690
41907
55426
27721
41253
23362
64991
37103
46236
53427
52104
39100
37555
44443
13991
7617
45812
9925
13388
26607
58790
4055
26231
24023
40364
64456
50559
60884
63998
51798
59634
35552
60949
16953
48398
16661
41554
62329
51344
23209
18655
49748
28118
40626
12236
60075
37573
41475
28601
39756
57445
10109
48632
8431
58974
4967
19431
63388
13127
23574
18742
36705
14790
48273
18097
33959
16263
49953
61641
62888
46819
24950
7874
19225
10846
5317
9161
39780
12991
30273
27620
64208
63797
56764
24175
55534
14123
17723
3258
39494
61830
52104
35728
7437
52501
49365
52311
52899
35369
47746
5179
32372
13888
40235
42958
40720
63522
11748
9657
10540
3462
36799
15917
43749
60685
4365
48259
8499
21741
65353
8055
18378
61855
32898
37083
58620
53542
194
57727
57834
58099
57478
6169
29599
45632
14885
7127
17860
32144
46664
27622
7128
61866
9855
44569
12367
36183
36851
3821
16939
64975
16961
65097
40808
19923
50988
13497
64973
17384
55805
12063
57799
49819
4294
26835
1316
59589
37108
43098
21238
21422
39863
12114
58370
35245
14371
44436
1279
50703
63642
32617
57061
11947
14778
10779
22225
48377
8768
50860
14319
44997
45091
19142
39825
19579
50982
31264
50003
44805
15105
63715
33881
51788
25300
6203
55913
61782
51164
52123
62223
63021
52580
58740
50614
20635
53084
36721
14949
50987
42713
39695
42883
47477
64307
5573
37922
42889
27369
46648
51685
42913
50234
39021
50247
44347
2404
5019
62533
23554
23380
40921
29881
26912
38515
2580
5575
38796
6919
1107
53867
15226
1340
17693
9010
65228
54010
21835
23121
47175
59057
13852
32800
27064
31167
43971
37250
35449
54685
4525
44198
19444
13461
44875
39248
28984
36913
62612
14779
4559
12289
24362
11595
26271
48801
63985
14342
50835
30587
907
40558
48049
3473
49876
28134
39154
54663
34019
52199
63848
37483
11629
41673
55978
51446
18915
61245
41756
26331
49228
14142
59563
50975
42659
20168
35503
2045
40070
4680
339
22106
55773
36538
17205
19732
40885
42454
28314
1805
36705
26158
25339
47296
48409
28022
37425
62721
57638
62202
45627
32521
31582
54183
20977
17899
55953
50236
6092
55756
62144
56150
6956
3397
37855
63715
4512
11333
40352
17508
13226
6391
5577
31904
51950
1494
52151
9048
22382
28004
22483
33542
28224
19263
36473
3471
45707
41685
54735
56782
9685
44253
33638
3198
7844
59745
27542
45180
22806
6077
63301
33779
11235
13254
24575
20690
6643
65153
31634
6233
58749
60627
51841
55525
24959
11884
11678
27497
29202
42582
51490
3249
44828
25625
40233
14043
43130
25518
20117
47735
55803
64169
30308
58864
29142
32121
43681
43617
26854
57204
53694
20473
23030
40696
20804
34585
36975
27519
20959
40736
65370
2336
53021
58967
3092
58192
1698
49193
11384
6777
19481
48544
25328
9432
25105
61674
17410
5693
30573
